 4660
25685
29726
30671
16296
17897
16082
10403
23452
 6653
 8198
13303
13840
12433
26554
27083
 7940
22949
26094
 6687
26232
25913
27298
 5363
23660
 9037
17878
10823
20704
25569
18314
10779
 5076
30453
16318
25711
30024
11401
32370
10563
17724
21661
21414
18583
21424
16177
 3930
 4715
28836
15429
  398
22207
27672
 7129
31298
26003
 5644
11757
18806
 3815
16000
17025
16170
 8891
13684
10645
11102
28943
19176
13097
24082
18915
20188
12093
10054
32055
 4432
28113
22266
23307
25156
16101
15662
13151
 4536
29305
10722
22067
28588
22669
27926
 4999
19488
16673
22218
15195
30484
31797
14078
 7599
16520
22985
23986
 2691
30844
10717
 6886
20951
28400
15473
16026
17323
29668
24965
 6350
12287
22360
26905
31106
26323
26956
 9005
12470
14375
31168
24513
 3690
29691
22708
28373
25246
27215
22056
 8297
32082
27427
16924
17533
11910
18039
27792
11025
17978
19531
 9604
 9253
 5230
19615
15608
32697
26914
 6003
  748
 3533
 5206
31943
18272
 7777
26122
19611
23124
  373
11838
22255
 3016
 1801
15602
27587
11196
32541
25126
23319
 2608
14769
28122
29931
30500
 1733
12302
 2367
17048
13913
30914
26643
15500
 6253
 6134
24935
13568
32001
23978
17723
31732
13333
 6622
25487
24936
 3497
 7314
 3171
