22136
44272
23009
46019
26503
53006
40476
15417
30835
61670
57805
50074
34613
 3690
 7381
14762
29524
59048
52561
39586
13636
27273
54547
43559
21582
43164
20792
41585
17634
35269
 5003
10007
20014
40029
14523
29046
58092
50648
35760
 5985
11970
23940
47880
30225
60451
55367
45198
24861
49723
33911
 2286
 4572
 9145
18291
36583
 7630
15260
30520
61041
56547
47559
29583
59166
52797
40058
14581
29162
58324
51112
36688
 7840
15680
31361
62722
59908
54280
43025
20514
41029
16522
33044
  553
 1106
 2213
 4426
 8853
17707
35415
 5295
10590
21181
42363
19191
38382
11229
22459
44918
24301
48602
31668
63336
61136
56737
47939
30343
60687
55839
46142
26748
53497
41458
17380
34760
 3984
 7969
15938
31877
63755
61975
58415
51295
37055
 8574
17149
34298
 3060
 6120
12240
24480
48960
32384
64769
64002
62469
59402
53268
41000
16464
32928
  321
  642
 1284
 2569
 5138
10276
20553
41107
16678
33356
 1177
 2355
 4710
 9421
18842
37684
 9832
19664
39329
13122
26244
52488
39440
13344
26689
53379
41222
16908
33816
 2096
 4192
 8385
16771
33542
 1549
 3099
 6199
12399
24798
49597
33659
 1783
 3567
 7135
14271
28543
57086
48637
31738
63476
61416
57297
49059
32582
65165
64794
64052
62569
59602
53668
41800
18064
