22136
13528
59510
 5654
59337
56411
44168
18184
46448
38801
48224
40228
29997
41513
47082
 8289
 6244
21223
55500
39138
19751
16507
15803
58022
43395
15929
 8104
59934
 6875
53559
64217
52363
28115
 7515
23998
21401
19601
58986
25251
  307
  368
  529
 1093
 4666
19509
44930
21246
59316
46678
56932
12695
39719
 2111
17407
 3960
61256
42884
40316
57684
21699
 4236
 4556
15546
26551
 1220
 5814
  969
 3667
52526
29364
25806
45461
12128
50276
43335
61137
51526
16127
32898
33346
18201
48864
20804
52250
47474
22006
56648
17764
53007
31042
28533
34475
55158
22378
55607
20041
61584
 3665
52469
 5986
 8897
47061
  567
 1255
 6152
16768
49728
25872
58785
63855
 2334
21279
64797
16981
12272
64001
 9716
41072
35889
50593
37167
22086
 4891
27908
27752
59370
 6177
17972
16506
15674
42161
62274
 9821
49085
39825
35048
14162
62550
13324
38112
37828
19118
51470
59132
27080
46508
60587
52154
 8323
 8451
16838
58917
59009
35853
40504
51500
 5663
59735
44923
18789
 2753
29605
15784
55678
50906
30193
22060
  407
  647
 1635
10442
32703
48912
39137
19445
35192
53672
46014
13121
17142
33732
53806
36736
28736
14352
18177
45454
 9642
35476
  997
 3882
58866
35544
19862
33683
40902
46989
39651
46565
15774
